image: /home/kim/catkin_ws/src/AR/AR_navigation/maps/503c2.pgm
resolution: 0.050000
origin: [-15.000000, -10.000000, 0.000000]
negate: 0
occupied_thresh: 0.65
free_thresh: 0.196

